0,tcp,http,SF,181,5450,0,0,0,0,0,1,0,0,0,0,0,0,0,0,0,0,8,8,0.00,0.00,0.00,0.00,1.00,0.00,0.00,9,9,1.00,0.00,0.11,0.00,0.00,0.00,0.00,0.00,normal.
0,icmp,ecr_i,SF,1032,0,0,0,0,0,0,0,0,0,0,0,0,0,0,0,0,0,511,511,0.00,0.00,0.00,0.00,1.00,0.00,0.00,255,255,1.00,0.00,1.00,0.00,0.00,0.00,0.00,0.00,smurf.
0,tcp,private,S0,0,0,0,0,0,0,0,0,0,0,0,0,0,0,0,0,0,0,127,10,1.00,1.00,0.00,0.00,0.08,0.07,0.00,255,10,0.04,0.08,0.00,0.00,1.00,1.00,0.00,0.00,neptune.
0,tcp,private,S0,0,0,0,0,0,0,0,0,0,0,0,0,0,0,0,0,0,0,172,12,1.00,1.00,0.00,0.00,0.07,0.05,0.00,255,12,0.05,0.06,0.00,0.00,1.00,1.00,0.00,0.00,neptune.
0,tcp,private,S0,0,0,0,0,0,0,0,0,0,0,0,0,0,0,0,0,0,0,182,22,1.00,1.00,0.00,0.00,0.12,0.05,0.00,255,22,0.09,0.05,0.00,0.00,1.00,1.00,0.00,0.00,neptune.
0,tcp,private,S0,0,0,0,0,0,0,0,0,0,0,0,0,0,0,0,0,0,0,192,22,1.00,1.00,0.00,0.00,0.11,0.05,0.00,255,22,0.09,0.05,0.00,0.00,1.00,1.00,0.00,0.00,neptune.
0,tcp,private,S0,0,0,0,0,0,0,0,0,0,0,0,0,0,0,0,0,0,0,174,13,1.00,1.00,0.00,0.00,0.07,0.06,0.00,255,13,0.05,0.05,0.00,0.00,1.00,1.00,0.00,0.00,neptune.
0,tcp,private,S0,0,0,0,0,0,0,0,0,0,0,0,0,0,0,0,0,0,0,184,18,1.00,1.00,0.00,0.00,0.10,0.05,0.00,255,18,0.07,0.05,0.00,0.00,1.00,1.00,0.00,0.00,neptune.
0,tcp,private,S0,0,0,0,0,0,0,0,0,0,0,0,0,0,0,0,0,0,0,194,17,1.00,1.00,0.00,0.00,0.09,0.05,0.00,255,17,0.07,0.05,0.00,0.00,1.00,1.00,0.00,0.00,neptune.
0,tcp,private,S0,0,0,0,0,0,0,0,0,0,0,0,0,0,0,0,0,0,0,142,2,1.00,1.00,0.00,0.00,0.01,0.06,0.00,255,2,0.01,0.06,0.00,0.00,1.00,1.00,0.00,0.00,neptune.
0,tcp,private,S0,0,0,0,0,0,0,0,0,0,0,0,0,0,0,0,0,0,0,152,20,1.00,1.00,0.00,0.00,0.13,0.06,0.00,255,20,0.08,0.06,0.00,0.00,1.00,1.00,0.00,0.00,neptune.
0,tcp,private,S0,0,0,0,0,0,0,0,0,0,0,0,0,0,0,0,0,0,0,162,12,1.00,1.00,0.00,0.00,0.07,0.06,0.00,255,12,0.05,0.06,0.00,0.00,1.00,1.00,0.00,0.00,neptune.
0,tcp,private,S0,0,0,0,0,0,0,0,0,0,0,0,0,0,0,0,0,0,0,172,12,1.00,1.00,0.00,0.00,0.07,0.05,0.00,255,12,0.05,0.06,0.00,0.00,1.00,1.00,0.00,0.00,neptune.
0,tcp,private,S0,0,0,0,0,0,0,0,0,0,0,0,0,0,0,0,0,0,0,182,22,1.00,1.00,0.00,0.00,0.12,0.05,0.00,255,22,0.09,0.05,0.00,0.00,1.00,1.00,0.00,0.00,neptune.
0,tcp,private,S0,0,0,0,0,0,0,0,0,0,0,0,0,0,0,0,0,0,0,192,22,1.00,1.00,0.00,0.00,0.11,0.05,0.00,255,22,0.09,0.05,0.00,0.00,1.00,1.00,0.00,0.00,neptune.
0,tcp,private,S0,0,0,0,0,0,0,0,0,0,0,0,0,0,0,0,0,0,0,202,10,1.00,1.00,0.00,0.00,0.05,0.05,0.00,255,10,0.04,0.05,0.00,0.00,1.00,1.00,0.00,0.00,neptune.
0,tcp,private,S0,0,0,0,0,0,0,0,0,0,0,0,0,0,0,0,0,0,0,128,6,1.00,1.00,0.00,0.00,0.05,0.07,0.00,255,6,0.02,0.06,0.00,0.00,1.00,1.00,0.00,0.00,neptune.
0,tcp,private,S0,0,0,0,0,0,0,0,0,0,0,0,0,0,0,0,0,0,0,138,10,1.00,1.00,0.00,0.00,0.07,0.07,0.00,255,10,0.04,0.06,0.00,0.00,1.00,1.00,0.00,0.00,neptune.
0,tcp,private,S0,0,0,0,0,0,0,0,0,0,0,0,0,0,0,0,0,0,0,148,13,1.00,1.00,0.00,0.00,0.09,0.06,0.00,255,13,0.05,0.06,0.00,0.00,1.00,1.00,0.00,0.00,neptune.
0,icmp,ecr_i,SF,1032,0,0,0,0,0,0,0,0,0,0,0,0,0,0,0,0,0,511,511,0.00,0.00,0.00,0.00,1.00,0.00,0.00,255,255,1.00,0.00,1.00,0.00,0.00,0.00,0.00,0.00,smurf.
0,icmp,ecr_i,SF,1032,0,0,0,0,0,0,0,0,0,0,0,0,0,0,0,0,0,510,510,0.00,0.00,0.00,0.00,1.00,0.00,0.00,255,255,1.00,0.00,1.00,0.00,0.00,0.00,0.00,0.00,smurf.
0,icmp,ecr_i,SF,1032,0,0,0,0,0,0,0,0,0,0,0,0,0,0,0,0,0,510,510,0.00,0.00,0.00,0.00,1.00,0.00,0.00,255,255,1.00,0.00,1.00,0.00,0.00,0.00,0.00,0.00,smurf.
0,icmp,ecr_i,SF,1032,0,0,0,0,0,0,0,0,0,0,0,0,0,0,0,0,0,510,510,0.00,0.00,0.00,0.00,1.00,0.00,0.00,255,255,1.00,0.00,1.00,0.00,0.00,0.00,0.00,0.00,smurf.
0,icmp,ecr_i,SF,1032,0,0,0,0,0,0,0,0,0,0,0,0,0,0,0,0,0,511,511,0.00,0.00,0.00,0.00,1.00,0.00,0.00,255,255,1.00,0.00,1.00,0.00,0.00,0.00,0.00,0.00,smurf.